Character's Name:	Barista 2


States: 
[('okay', 0), (',', 1), ('why', 2), ('don', 3), ('’', 4), ('t', 5), ('you', 6), ('guys', 7), ('have', 8), ('a', 9), ('seat', 10), ('?', 11), ('we', 12), ('ll', 13), ('that', 14), ('right', 15), ('out', 16), ('for', 17), ('.', 18), ('\n', 19)]


Initial Distributions: 
[0.09523809523809523, 0.047619047619047616, 0.047619047619047616, 0.047619047619047616, 0.047619047619047616, 0.047619047619047616, 0.047619047619047616, 0.047619047619047616, 0.047619047619047616, 0.047619047619047616, 0.047619047619047616, 0.047619047619047616, 0.047619047619047616, 0.047619047619047616, 0.047619047619047616, 0.047619047619047616, 0.047619047619047616, 0.047619047619047616, 0.047619047619047616, 0.047619047619047616]


Transition Probabilities: 
[[0.047619047619047616, 0.09523809523809523, 0.047619047619047616, 0.047619047619047616, 0.047619047619047616, 0.047619047619047616, 0.047619047619047616, 0.047619047619047616, 0.047619047619047616, 0.047619047619047616, 0.047619047619047616, 0.047619047619047616, 0.047619047619047616, 0.047619047619047616, 0.047619047619047616, 0.047619047619047616, 0.047619047619047616, 0.047619047619047616, 0.047619047619047616, 0.047619047619047616], [0.047619047619047616, 0.047619047619047616, 0.09523809523809523, 0.047619047619047616, 0.047619047619047616, 0.047619047619047616, 0.047619047619047616, 0.047619047619047616, 0.047619047619047616, 0.047619047619047616, 0.047619047619047616, 0.047619047619047616, 0.047619047619047616, 0.047619047619047616, 0.047619047619047616, 0.047619047619047616, 0.047619047619047616, 0.047619047619047616, 0.047619047619047616, 0.047619047619047616], [0.047619047619047616, 0.047619047619047616, 0.047619047619047616, 0.09523809523809523, 0.047619047619047616, 0.047619047619047616, 0.047619047619047616, 0.047619047619047616, 0.047619047619047616, 0.047619047619047616, 0.047619047619047616, 0.047619047619047616, 0.047619047619047616, 0.047619047619047616, 0.047619047619047616, 0.047619047619047616, 0.047619047619047616, 0.047619047619047616, 0.047619047619047616, 0.047619047619047616], [0.047619047619047616, 0.047619047619047616, 0.047619047619047616, 0.047619047619047616, 0.09523809523809523, 0.047619047619047616, 0.047619047619047616, 0.047619047619047616, 0.047619047619047616, 0.047619047619047616, 0.047619047619047616, 0.047619047619047616, 0.047619047619047616, 0.047619047619047616, 0.047619047619047616, 0.047619047619047616, 0.047619047619047616, 0.047619047619047616, 0.047619047619047616, 0.047619047619047616], [0.045454545454545456, 0.045454545454545456, 0.045454545454545456, 0.045454545454545456, 0.045454545454545456, 0.09090909090909091, 0.045454545454545456, 0.045454545454545456, 0.045454545454545456, 0.045454545454545456, 0.045454545454545456, 0.045454545454545456, 0.045454545454545456, 0.09090909090909091, 0.045454545454545456, 0.045454545454545456, 0.045454545454545456, 0.045454545454545456, 0.045454545454545456, 0.045454545454545456], [0.047619047619047616, 0.047619047619047616, 0.047619047619047616, 0.047619047619047616, 0.047619047619047616, 0.047619047619047616, 0.09523809523809523, 0.047619047619047616, 0.047619047619047616, 0.047619047619047616, 0.047619047619047616, 0.047619047619047616, 0.047619047619047616, 0.047619047619047616, 0.047619047619047616, 0.047619047619047616, 0.047619047619047616, 0.047619047619047616, 0.047619047619047616, 0.047619047619047616], [0.045454545454545456, 0.045454545454545456, 0.045454545454545456, 0.045454545454545456, 0.045454545454545456, 0.045454545454545456, 0.045454545454545456, 0.09090909090909091, 0.045454545454545456, 0.045454545454545456, 0.045454545454545456, 0.045454545454545456, 0.045454545454545456, 0.045454545454545456, 0.045454545454545456, 0.045454545454545456, 0.045454545454545456, 0.045454545454545456, 0.09090909090909091, 0.045454545454545456], [0.047619047619047616, 0.047619047619047616, 0.047619047619047616, 0.047619047619047616, 0.047619047619047616, 0.047619047619047616, 0.047619047619047616, 0.047619047619047616, 0.09523809523809523, 0.047619047619047616, 0.047619047619047616, 0.047619047619047616, 0.047619047619047616, 0.047619047619047616, 0.047619047619047616, 0.047619047619047616, 0.047619047619047616, 0.047619047619047616, 0.047619047619047616, 0.047619047619047616], [0.045454545454545456, 0.045454545454545456, 0.045454545454545456, 0.045454545454545456, 0.045454545454545456, 0.045454545454545456, 0.045454545454545456, 0.045454545454545456, 0.045454545454545456, 0.09090909090909091, 0.045454545454545456, 0.045454545454545456, 0.045454545454545456, 0.045454545454545456, 0.09090909090909091, 0.045454545454545456, 0.045454545454545456, 0.045454545454545456, 0.045454545454545456, 0.045454545454545456], [0.047619047619047616, 0.047619047619047616, 0.047619047619047616, 0.047619047619047616, 0.047619047619047616, 0.047619047619047616, 0.047619047619047616, 0.047619047619047616, 0.047619047619047616, 0.047619047619047616, 0.09523809523809523, 0.047619047619047616, 0.047619047619047616, 0.047619047619047616, 0.047619047619047616, 0.047619047619047616, 0.047619047619047616, 0.047619047619047616, 0.047619047619047616, 0.047619047619047616], [0.047619047619047616, 0.047619047619047616, 0.047619047619047616, 0.047619047619047616, 0.047619047619047616, 0.047619047619047616, 0.047619047619047616, 0.047619047619047616, 0.047619047619047616, 0.047619047619047616, 0.047619047619047616, 0.09523809523809523, 0.047619047619047616, 0.047619047619047616, 0.047619047619047616, 0.047619047619047616, 0.047619047619047616, 0.047619047619047616, 0.047619047619047616, 0.047619047619047616], [0.047619047619047616, 0.047619047619047616, 0.047619047619047616, 0.047619047619047616, 0.047619047619047616, 0.047619047619047616, 0.047619047619047616, 0.047619047619047616, 0.047619047619047616, 0.047619047619047616, 0.047619047619047616, 0.047619047619047616, 0.09523809523809523, 0.047619047619047616, 0.047619047619047616, 0.047619047619047616, 0.047619047619047616, 0.047619047619047616, 0.047619047619047616, 0.047619047619047616], [0.047619047619047616, 0.047619047619047616, 0.047619047619047616, 0.047619047619047616, 0.09523809523809523, 0.047619047619047616, 0.047619047619047616, 0.047619047619047616, 0.047619047619047616, 0.047619047619047616, 0.047619047619047616, 0.047619047619047616, 0.047619047619047616, 0.047619047619047616, 0.047619047619047616, 0.047619047619047616, 0.047619047619047616, 0.047619047619047616, 0.047619047619047616, 0.047619047619047616], [0.047619047619047616, 0.047619047619047616, 0.047619047619047616, 0.047619047619047616, 0.047619047619047616, 0.047619047619047616, 0.047619047619047616, 0.047619047619047616, 0.09523809523809523, 0.047619047619047616, 0.047619047619047616, 0.047619047619047616, 0.047619047619047616, 0.047619047619047616, 0.047619047619047616, 0.047619047619047616, 0.047619047619047616, 0.047619047619047616, 0.047619047619047616, 0.047619047619047616], [0.047619047619047616, 0.047619047619047616, 0.047619047619047616, 0.047619047619047616, 0.047619047619047616, 0.047619047619047616, 0.047619047619047616, 0.047619047619047616, 0.047619047619047616, 0.047619047619047616, 0.047619047619047616, 0.047619047619047616, 0.047619047619047616, 0.047619047619047616, 0.047619047619047616, 0.09523809523809523, 0.047619047619047616, 0.047619047619047616, 0.047619047619047616, 0.047619047619047616], [0.047619047619047616, 0.047619047619047616, 0.047619047619047616, 0.047619047619047616, 0.047619047619047616, 0.047619047619047616, 0.047619047619047616, 0.047619047619047616, 0.047619047619047616, 0.047619047619047616, 0.047619047619047616, 0.047619047619047616, 0.047619047619047616, 0.047619047619047616, 0.047619047619047616, 0.047619047619047616, 0.09523809523809523, 0.047619047619047616, 0.047619047619047616, 0.047619047619047616], [0.047619047619047616, 0.047619047619047616, 0.047619047619047616, 0.047619047619047616, 0.047619047619047616, 0.047619047619047616, 0.047619047619047616, 0.047619047619047616, 0.047619047619047616, 0.047619047619047616, 0.047619047619047616, 0.047619047619047616, 0.047619047619047616, 0.047619047619047616, 0.047619047619047616, 0.047619047619047616, 0.047619047619047616, 0.09523809523809523, 0.047619047619047616, 0.047619047619047616], [0.047619047619047616, 0.047619047619047616, 0.047619047619047616, 0.047619047619047616, 0.047619047619047616, 0.047619047619047616, 0.09523809523809523, 0.047619047619047616, 0.047619047619047616, 0.047619047619047616, 0.047619047619047616, 0.047619047619047616, 0.047619047619047616, 0.047619047619047616, 0.047619047619047616, 0.047619047619047616, 0.047619047619047616, 0.047619047619047616, 0.047619047619047616, 0.047619047619047616], [0.047619047619047616, 0.047619047619047616, 0.047619047619047616, 0.047619047619047616, 0.047619047619047616, 0.047619047619047616, 0.047619047619047616, 0.047619047619047616, 0.047619047619047616, 0.047619047619047616, 0.047619047619047616, 0.047619047619047616, 0.047619047619047616, 0.047619047619047616, 0.047619047619047616, 0.047619047619047616, 0.047619047619047616, 0.047619047619047616, 0.047619047619047616, 0.09523809523809523], [0.05, 0.05, 0.05, 0.05, 0.05, 0.05, 0.05, 0.05, 0.05, 0.05, 0.05, 0.05, 0.05, 0.05, 0.05, 0.05, 0.05, 0.05, 0.05, 0.05]]


