Character's Name:	Barista 2


States: 
[('okay', 0), ('why', 1), ('don’t', 2), ('you', 3), ('guys', 4), ('have', 5), ('a', 6), ('seat', 7), ('we’ll', 8), ('that', 9), ('right', 10), ('out', 11), ('for', 12)]


Initial Distributions: 
[0.13333333333333333, 0.06666666666666667, 0.06666666666666667, 0.06666666666666667, 0.06666666666666667, 0.06666666666666667, 0.06666666666666667, 0.06666666666666667, 0.13333333333333333, 0.06666666666666667, 0.06666666666666667, 0.06666666666666667, 0.06666666666666667]


Transition Probabilities: 
[[0.07142857142857142, 0.14285714285714285, 0.07142857142857142, 0.07142857142857142, 0.07142857142857142, 0.07142857142857142, 0.07142857142857142, 0.07142857142857142, 0.07142857142857142, 0.07142857142857142, 0.07142857142857142, 0.07142857142857142, 0.07142857142857142], [0.07142857142857142, 0.07142857142857142, 0.14285714285714285, 0.07142857142857142, 0.07142857142857142, 0.07142857142857142, 0.07142857142857142, 0.07142857142857142, 0.07142857142857142, 0.07142857142857142, 0.07142857142857142, 0.07142857142857142, 0.07142857142857142], [0.07142857142857142, 0.07142857142857142, 0.07142857142857142, 0.14285714285714285, 0.07142857142857142, 0.07142857142857142, 0.07142857142857142, 0.07142857142857142, 0.07142857142857142, 0.07142857142857142, 0.07142857142857142, 0.07142857142857142, 0.07142857142857142], [0.07142857142857142, 0.07142857142857142, 0.07142857142857142, 0.07142857142857142, 0.14285714285714285, 0.07142857142857142, 0.07142857142857142, 0.07142857142857142, 0.07142857142857142, 0.07142857142857142, 0.07142857142857142, 0.07142857142857142, 0.07142857142857142], [0.07142857142857142, 0.07142857142857142, 0.07142857142857142, 0.07142857142857142, 0.07142857142857142, 0.14285714285714285, 0.07142857142857142, 0.07142857142857142, 0.07142857142857142, 0.07142857142857142, 0.07142857142857142, 0.07142857142857142, 0.07142857142857142], [0.06666666666666667, 0.06666666666666667, 0.06666666666666667, 0.06666666666666667, 0.06666666666666667, 0.06666666666666667, 0.13333333333333333, 0.06666666666666667, 0.06666666666666667, 0.13333333333333333, 0.06666666666666667, 0.06666666666666667, 0.06666666666666667], [0.07142857142857142, 0.07142857142857142, 0.07142857142857142, 0.07142857142857142, 0.07142857142857142, 0.07142857142857142, 0.07142857142857142, 0.14285714285714285, 0.07142857142857142, 0.07142857142857142, 0.07142857142857142, 0.07142857142857142, 0.07142857142857142], [0.07692307692307693, 0.07692307692307693, 0.07692307692307693, 0.07692307692307693, 0.07692307692307693, 0.07692307692307693, 0.07692307692307693, 0.07692307692307693, 0.07692307692307693, 0.07692307692307693, 0.07692307692307693, 0.07692307692307693, 0.07692307692307693], [0.07142857142857142, 0.07142857142857142, 0.07142857142857142, 0.07142857142857142, 0.07142857142857142, 0.14285714285714285, 0.07142857142857142, 0.07142857142857142, 0.07142857142857142, 0.07142857142857142, 0.07142857142857142, 0.07142857142857142, 0.07142857142857142], [0.07142857142857142, 0.07142857142857142, 0.07142857142857142, 0.07142857142857142, 0.07142857142857142, 0.07142857142857142, 0.07142857142857142, 0.07142857142857142, 0.07142857142857142, 0.07142857142857142, 0.14285714285714285, 0.07142857142857142, 0.07142857142857142], [0.07142857142857142, 0.07142857142857142, 0.07142857142857142, 0.07142857142857142, 0.07142857142857142, 0.07142857142857142, 0.07142857142857142, 0.07142857142857142, 0.07142857142857142, 0.07142857142857142, 0.07142857142857142, 0.14285714285714285, 0.07142857142857142], [0.07142857142857142, 0.07142857142857142, 0.07142857142857142, 0.07142857142857142, 0.07142857142857142, 0.07142857142857142, 0.07142857142857142, 0.07142857142857142, 0.07142857142857142, 0.07142857142857142, 0.07142857142857142, 0.07142857142857142, 0.14285714285714285], [0.07142857142857142, 0.07142857142857142, 0.07142857142857142, 0.14285714285714285, 0.07142857142857142, 0.07142857142857142, 0.07142857142857142, 0.07142857142857142, 0.07142857142857142, 0.07142857142857142, 0.07142857142857142, 0.07142857142857142, 0.07142857142857142]]


