Character's Name:	Florist


States: 
[('can', 0), ('i', 1), ('help', 2), ('you', 3), ('oh', 4), ('hi', 5), ('johnny', 6), ('didn’t', 7), ('know', 8), ('it', 9), ('was', 10), ('here', 11), ('go', 12), ('it’ll', 13), ('be', 14), ('eighteen', 15), ('dollars', 16), ('you’re', 17), ('my', 18), ('favorite', 19), ('customer', 20), ('bye', 21)]


Initial Distributions: 
[0.07142857142857142, 0.03571428571428571, 0.03571428571428571, 0.03571428571428571, 0.07142857142857142, 0.03571428571428571, 0.03571428571428571, 0.03571428571428571, 0.03571428571428571, 0.03571428571428571, 0.03571428571428571, 0.07142857142857142, 0.03571428571428571, 0.07142857142857142, 0.03571428571428571, 0.03571428571428571, 0.03571428571428571, 0.07142857142857142, 0.03571428571428571, 0.03571428571428571, 0.03571428571428571, 0.07142857142857142]


Transition Probabilities: 
[[0.043478260869565216, 0.08695652173913043, 0.043478260869565216, 0.043478260869565216, 0.043478260869565216, 0.043478260869565216, 0.043478260869565216, 0.043478260869565216, 0.043478260869565216, 0.043478260869565216, 0.043478260869565216, 0.043478260869565216, 0.043478260869565216, 0.043478260869565216, 0.043478260869565216, 0.043478260869565216, 0.043478260869565216, 0.043478260869565216, 0.043478260869565216, 0.043478260869565216, 0.043478260869565216, 0.043478260869565216], [0.041666666666666664, 0.041666666666666664, 0.08333333333333333, 0.041666666666666664, 0.041666666666666664, 0.041666666666666664, 0.041666666666666664, 0.08333333333333333, 0.041666666666666664, 0.041666666666666664, 0.041666666666666664, 0.041666666666666664, 0.041666666666666664, 0.041666666666666664, 0.041666666666666664, 0.041666666666666664, 0.041666666666666664, 0.041666666666666664, 0.041666666666666664, 0.041666666666666664, 0.041666666666666664, 0.041666666666666664], [0.043478260869565216, 0.043478260869565216, 0.043478260869565216, 0.08695652173913043, 0.043478260869565216, 0.043478260869565216, 0.043478260869565216, 0.043478260869565216, 0.043478260869565216, 0.043478260869565216, 0.043478260869565216, 0.043478260869565216, 0.043478260869565216, 0.043478260869565216, 0.043478260869565216, 0.043478260869565216, 0.043478260869565216, 0.043478260869565216, 0.043478260869565216, 0.043478260869565216, 0.043478260869565216, 0.043478260869565216], [0.043478260869565216, 0.043478260869565216, 0.043478260869565216, 0.043478260869565216, 0.043478260869565216, 0.043478260869565216, 0.043478260869565216, 0.043478260869565216, 0.043478260869565216, 0.043478260869565216, 0.043478260869565216, 0.043478260869565216, 0.08695652173913043, 0.043478260869565216, 0.043478260869565216, 0.043478260869565216, 0.043478260869565216, 0.043478260869565216, 0.043478260869565216, 0.043478260869565216, 0.043478260869565216, 0.043478260869565216], [0.043478260869565216, 0.043478260869565216, 0.043478260869565216, 0.043478260869565216, 0.043478260869565216, 0.08695652173913043, 0.043478260869565216, 0.043478260869565216, 0.043478260869565216, 0.043478260869565216, 0.043478260869565216, 0.043478260869565216, 0.043478260869565216, 0.043478260869565216, 0.043478260869565216, 0.043478260869565216, 0.043478260869565216, 0.043478260869565216, 0.043478260869565216, 0.043478260869565216, 0.043478260869565216, 0.043478260869565216], [0.043478260869565216, 0.043478260869565216, 0.043478260869565216, 0.043478260869565216, 0.043478260869565216, 0.043478260869565216, 0.08695652173913043, 0.043478260869565216, 0.043478260869565216, 0.043478260869565216, 0.043478260869565216, 0.043478260869565216, 0.043478260869565216, 0.043478260869565216, 0.043478260869565216, 0.043478260869565216, 0.043478260869565216, 0.043478260869565216, 0.043478260869565216, 0.043478260869565216, 0.043478260869565216, 0.043478260869565216], [0.043478260869565216, 0.08695652173913043, 0.043478260869565216, 0.043478260869565216, 0.043478260869565216, 0.043478260869565216, 0.043478260869565216, 0.043478260869565216, 0.043478260869565216, 0.043478260869565216, 0.043478260869565216, 0.043478260869565216, 0.043478260869565216, 0.043478260869565216, 0.043478260869565216, 0.043478260869565216, 0.043478260869565216, 0.043478260869565216, 0.043478260869565216, 0.043478260869565216, 0.043478260869565216, 0.043478260869565216], [0.043478260869565216, 0.043478260869565216, 0.043478260869565216, 0.043478260869565216, 0.043478260869565216, 0.043478260869565216, 0.043478260869565216, 0.043478260869565216, 0.08695652173913043, 0.043478260869565216, 0.043478260869565216, 0.043478260869565216, 0.043478260869565216, 0.043478260869565216, 0.043478260869565216, 0.043478260869565216, 0.043478260869565216, 0.043478260869565216, 0.043478260869565216, 0.043478260869565216, 0.043478260869565216, 0.043478260869565216], [0.043478260869565216, 0.043478260869565216, 0.043478260869565216, 0.043478260869565216, 0.043478260869565216, 0.043478260869565216, 0.043478260869565216, 0.043478260869565216, 0.043478260869565216, 0.08695652173913043, 0.043478260869565216, 0.043478260869565216, 0.043478260869565216, 0.043478260869565216, 0.043478260869565216, 0.043478260869565216, 0.043478260869565216, 0.043478260869565216, 0.043478260869565216, 0.043478260869565216, 0.043478260869565216, 0.043478260869565216], [0.043478260869565216, 0.043478260869565216, 0.043478260869565216, 0.043478260869565216, 0.043478260869565216, 0.043478260869565216, 0.043478260869565216, 0.043478260869565216, 0.043478260869565216, 0.043478260869565216, 0.08695652173913043, 0.043478260869565216, 0.043478260869565216, 0.043478260869565216, 0.043478260869565216, 0.043478260869565216, 0.043478260869565216, 0.043478260869565216, 0.043478260869565216, 0.043478260869565216, 0.043478260869565216, 0.043478260869565216], [0.043478260869565216, 0.043478260869565216, 0.043478260869565216, 0.08695652173913043, 0.043478260869565216, 0.043478260869565216, 0.043478260869565216, 0.043478260869565216, 0.043478260869565216, 0.043478260869565216, 0.043478260869565216, 0.043478260869565216, 0.043478260869565216, 0.043478260869565216, 0.043478260869565216, 0.043478260869565216, 0.043478260869565216, 0.043478260869565216, 0.043478260869565216, 0.043478260869565216, 0.043478260869565216, 0.043478260869565216], [0.043478260869565216, 0.043478260869565216, 0.043478260869565216, 0.08695652173913043, 0.043478260869565216, 0.043478260869565216, 0.043478260869565216, 0.043478260869565216, 0.043478260869565216, 0.043478260869565216, 0.043478260869565216, 0.043478260869565216, 0.043478260869565216, 0.043478260869565216, 0.043478260869565216, 0.043478260869565216, 0.043478260869565216, 0.043478260869565216, 0.043478260869565216, 0.043478260869565216, 0.043478260869565216, 0.043478260869565216], [0.045454545454545456, 0.045454545454545456, 0.045454545454545456, 0.045454545454545456, 0.045454545454545456, 0.045454545454545456, 0.045454545454545456, 0.045454545454545456, 0.045454545454545456, 0.045454545454545456, 0.045454545454545456, 0.045454545454545456, 0.045454545454545456, 0.045454545454545456, 0.045454545454545456, 0.045454545454545456, 0.045454545454545456, 0.045454545454545456, 0.045454545454545456, 0.045454545454545456, 0.045454545454545456, 0.045454545454545456], [0.043478260869565216, 0.043478260869565216, 0.043478260869565216, 0.043478260869565216, 0.043478260869565216, 0.043478260869565216, 0.043478260869565216, 0.043478260869565216, 0.043478260869565216, 0.043478260869565216, 0.043478260869565216, 0.043478260869565216, 0.043478260869565216, 0.043478260869565216, 0.08695652173913043, 0.043478260869565216, 0.043478260869565216, 0.043478260869565216, 0.043478260869565216, 0.043478260869565216, 0.043478260869565216, 0.043478260869565216], [0.043478260869565216, 0.043478260869565216, 0.043478260869565216, 0.043478260869565216, 0.043478260869565216, 0.043478260869565216, 0.043478260869565216, 0.043478260869565216, 0.043478260869565216, 0.043478260869565216, 0.043478260869565216, 0.043478260869565216, 0.043478260869565216, 0.043478260869565216, 0.043478260869565216, 0.08695652173913043, 0.043478260869565216, 0.043478260869565216, 0.043478260869565216, 0.043478260869565216, 0.043478260869565216, 0.043478260869565216], [0.043478260869565216, 0.043478260869565216, 0.043478260869565216, 0.043478260869565216, 0.043478260869565216, 0.043478260869565216, 0.043478260869565216, 0.043478260869565216, 0.043478260869565216, 0.043478260869565216, 0.043478260869565216, 0.043478260869565216, 0.043478260869565216, 0.043478260869565216, 0.043478260869565216, 0.043478260869565216, 0.08695652173913043, 0.043478260869565216, 0.043478260869565216, 0.043478260869565216, 0.043478260869565216, 0.043478260869565216], [0.045454545454545456, 0.045454545454545456, 0.045454545454545456, 0.045454545454545456, 0.045454545454545456, 0.045454545454545456, 0.045454545454545456, 0.045454545454545456, 0.045454545454545456, 0.045454545454545456, 0.045454545454545456, 0.045454545454545456, 0.045454545454545456, 0.045454545454545456, 0.045454545454545456, 0.045454545454545456, 0.045454545454545456, 0.045454545454545456, 0.045454545454545456, 0.045454545454545456, 0.045454545454545456, 0.045454545454545456], [0.043478260869565216, 0.043478260869565216, 0.043478260869565216, 0.043478260869565216, 0.043478260869565216, 0.043478260869565216, 0.043478260869565216, 0.043478260869565216, 0.043478260869565216, 0.043478260869565216, 0.043478260869565216, 0.043478260869565216, 0.043478260869565216, 0.043478260869565216, 0.043478260869565216, 0.043478260869565216, 0.043478260869565216, 0.043478260869565216, 0.08695652173913043, 0.043478260869565216, 0.043478260869565216, 0.043478260869565216], [0.043478260869565216, 0.043478260869565216, 0.043478260869565216, 0.043478260869565216, 0.043478260869565216, 0.043478260869565216, 0.043478260869565216, 0.043478260869565216, 0.043478260869565216, 0.043478260869565216, 0.043478260869565216, 0.043478260869565216, 0.043478260869565216, 0.043478260869565216, 0.043478260869565216, 0.043478260869565216, 0.043478260869565216, 0.043478260869565216, 0.043478260869565216, 0.08695652173913043, 0.043478260869565216, 0.043478260869565216], [0.043478260869565216, 0.043478260869565216, 0.043478260869565216, 0.043478260869565216, 0.043478260869565216, 0.043478260869565216, 0.043478260869565216, 0.043478260869565216, 0.043478260869565216, 0.043478260869565216, 0.043478260869565216, 0.043478260869565216, 0.043478260869565216, 0.043478260869565216, 0.043478260869565216, 0.043478260869565216, 0.043478260869565216, 0.043478260869565216, 0.043478260869565216, 0.043478260869565216, 0.08695652173913043, 0.043478260869565216], [0.045454545454545456, 0.045454545454545456, 0.045454545454545456, 0.045454545454545456, 0.045454545454545456, 0.045454545454545456, 0.045454545454545456, 0.045454545454545456, 0.045454545454545456, 0.045454545454545456, 0.045454545454545456, 0.045454545454545456, 0.045454545454545456, 0.045454545454545456, 0.045454545454545456, 0.045454545454545456, 0.045454545454545456, 0.045454545454545456, 0.045454545454545456, 0.045454545454545456, 0.045454545454545456, 0.045454545454545456], [0.043478260869565216, 0.043478260869565216, 0.043478260869565216, 0.043478260869565216, 0.043478260869565216, 0.043478260869565216, 0.043478260869565216, 0.043478260869565216, 0.043478260869565216, 0.043478260869565216, 0.043478260869565216, 0.043478260869565216, 0.043478260869565216, 0.043478260869565216, 0.043478260869565216, 0.043478260869565216, 0.043478260869565216, 0.043478260869565216, 0.043478260869565216, 0.043478260869565216, 0.043478260869565216, 0.08695652173913043]]


