Character's Name:	Male Barista


States: 
[('alright', 0), ('yeah', 1), ('sounds', 2), ('good', 3), ('why', 4), ('don’t', 5), ('you', 6), ('guys', 7), ('have', 8), ('a', 9), ('seat', 10), ('we’ll', 11), ('that', 12), ('right', 13), ('out', 14), ('for', 15), ('what', 16), ('size', 17), ('sure', 18), ('medium', 19), ('also', 20)]


Initial Distributions: 
[0.07407407407407407, 0.07407407407407407, 0.037037037037037035, 0.037037037037037035, 0.07407407407407407, 0.037037037037037035, 0.037037037037037035, 0.037037037037037035, 0.037037037037037035, 0.037037037037037035, 0.037037037037037035, 0.037037037037037035, 0.037037037037037035, 0.037037037037037035, 0.037037037037037035, 0.037037037037037035, 0.07407407407407407, 0.037037037037037035, 0.07407407407407407, 0.07407407407407407, 0.037037037037037035]


Transition Probabilities: 
[[0.047619047619047616, 0.047619047619047616, 0.047619047619047616, 0.047619047619047616, 0.047619047619047616, 0.047619047619047616, 0.047619047619047616, 0.047619047619047616, 0.047619047619047616, 0.047619047619047616, 0.047619047619047616, 0.047619047619047616, 0.047619047619047616, 0.047619047619047616, 0.047619047619047616, 0.047619047619047616, 0.047619047619047616, 0.047619047619047616, 0.047619047619047616, 0.047619047619047616, 0.047619047619047616], [0.045454545454545456, 0.045454545454545456, 0.09090909090909091, 0.045454545454545456, 0.045454545454545456, 0.045454545454545456, 0.045454545454545456, 0.045454545454545456, 0.045454545454545456, 0.045454545454545456, 0.045454545454545456, 0.045454545454545456, 0.045454545454545456, 0.045454545454545456, 0.045454545454545456, 0.045454545454545456, 0.045454545454545456, 0.045454545454545456, 0.045454545454545456, 0.045454545454545456, 0.045454545454545456], [0.045454545454545456, 0.045454545454545456, 0.045454545454545456, 0.09090909090909091, 0.045454545454545456, 0.045454545454545456, 0.045454545454545456, 0.045454545454545456, 0.045454545454545456, 0.045454545454545456, 0.045454545454545456, 0.045454545454545456, 0.045454545454545456, 0.045454545454545456, 0.045454545454545456, 0.045454545454545456, 0.045454545454545456, 0.045454545454545456, 0.045454545454545456, 0.045454545454545456, 0.045454545454545456], [0.047619047619047616, 0.047619047619047616, 0.047619047619047616, 0.047619047619047616, 0.047619047619047616, 0.047619047619047616, 0.047619047619047616, 0.047619047619047616, 0.047619047619047616, 0.047619047619047616, 0.047619047619047616, 0.047619047619047616, 0.047619047619047616, 0.047619047619047616, 0.047619047619047616, 0.047619047619047616, 0.047619047619047616, 0.047619047619047616, 0.047619047619047616, 0.047619047619047616, 0.047619047619047616], [0.045454545454545456, 0.045454545454545456, 0.045454545454545456, 0.045454545454545456, 0.045454545454545456, 0.09090909090909091, 0.045454545454545456, 0.045454545454545456, 0.045454545454545456, 0.045454545454545456, 0.045454545454545456, 0.045454545454545456, 0.045454545454545456, 0.045454545454545456, 0.045454545454545456, 0.045454545454545456, 0.045454545454545456, 0.045454545454545456, 0.045454545454545456, 0.045454545454545456, 0.045454545454545456], [0.045454545454545456, 0.045454545454545456, 0.045454545454545456, 0.045454545454545456, 0.045454545454545456, 0.045454545454545456, 0.09090909090909091, 0.045454545454545456, 0.045454545454545456, 0.045454545454545456, 0.045454545454545456, 0.045454545454545456, 0.045454545454545456, 0.045454545454545456, 0.045454545454545456, 0.045454545454545456, 0.045454545454545456, 0.045454545454545456, 0.045454545454545456, 0.045454545454545456, 0.045454545454545456], [0.045454545454545456, 0.045454545454545456, 0.045454545454545456, 0.045454545454545456, 0.045454545454545456, 0.045454545454545456, 0.045454545454545456, 0.09090909090909091, 0.045454545454545456, 0.045454545454545456, 0.045454545454545456, 0.045454545454545456, 0.045454545454545456, 0.045454545454545456, 0.045454545454545456, 0.045454545454545456, 0.045454545454545456, 0.045454545454545456, 0.045454545454545456, 0.045454545454545456, 0.045454545454545456], [0.045454545454545456, 0.045454545454545456, 0.045454545454545456, 0.045454545454545456, 0.045454545454545456, 0.045454545454545456, 0.045454545454545456, 0.045454545454545456, 0.09090909090909091, 0.045454545454545456, 0.045454545454545456, 0.045454545454545456, 0.045454545454545456, 0.045454545454545456, 0.045454545454545456, 0.045454545454545456, 0.045454545454545456, 0.045454545454545456, 0.045454545454545456, 0.045454545454545456, 0.045454545454545456], [0.043478260869565216, 0.043478260869565216, 0.043478260869565216, 0.043478260869565216, 0.043478260869565216, 0.043478260869565216, 0.043478260869565216, 0.043478260869565216, 0.043478260869565216, 0.08695652173913043, 0.043478260869565216, 0.043478260869565216, 0.08695652173913043, 0.043478260869565216, 0.043478260869565216, 0.043478260869565216, 0.043478260869565216, 0.043478260869565216, 0.043478260869565216, 0.043478260869565216, 0.043478260869565216], [0.045454545454545456, 0.045454545454545456, 0.045454545454545456, 0.045454545454545456, 0.045454545454545456, 0.045454545454545456, 0.045454545454545456, 0.045454545454545456, 0.045454545454545456, 0.045454545454545456, 0.09090909090909091, 0.045454545454545456, 0.045454545454545456, 0.045454545454545456, 0.045454545454545456, 0.045454545454545456, 0.045454545454545456, 0.045454545454545456, 0.045454545454545456, 0.045454545454545456, 0.045454545454545456], [0.045454545454545456, 0.045454545454545456, 0.045454545454545456, 0.045454545454545456, 0.045454545454545456, 0.045454545454545456, 0.045454545454545456, 0.045454545454545456, 0.045454545454545456, 0.045454545454545456, 0.045454545454545456, 0.09090909090909091, 0.045454545454545456, 0.045454545454545456, 0.045454545454545456, 0.045454545454545456, 0.045454545454545456, 0.045454545454545456, 0.045454545454545456, 0.045454545454545456, 0.045454545454545456], [0.045454545454545456, 0.045454545454545456, 0.045454545454545456, 0.045454545454545456, 0.045454545454545456, 0.045454545454545456, 0.045454545454545456, 0.045454545454545456, 0.09090909090909091, 0.045454545454545456, 0.045454545454545456, 0.045454545454545456, 0.045454545454545456, 0.045454545454545456, 0.045454545454545456, 0.045454545454545456, 0.045454545454545456, 0.045454545454545456, 0.045454545454545456, 0.045454545454545456, 0.045454545454545456], [0.045454545454545456, 0.045454545454545456, 0.045454545454545456, 0.045454545454545456, 0.045454545454545456, 0.045454545454545456, 0.045454545454545456, 0.045454545454545456, 0.045454545454545456, 0.045454545454545456, 0.045454545454545456, 0.045454545454545456, 0.045454545454545456, 0.09090909090909091, 0.045454545454545456, 0.045454545454545456, 0.045454545454545456, 0.045454545454545456, 0.045454545454545456, 0.045454545454545456, 0.045454545454545456], [0.045454545454545456, 0.045454545454545456, 0.045454545454545456, 0.045454545454545456, 0.045454545454545456, 0.045454545454545456, 0.045454545454545456, 0.045454545454545456, 0.045454545454545456, 0.045454545454545456, 0.045454545454545456, 0.045454545454545456, 0.045454545454545456, 0.045454545454545456, 0.09090909090909091, 0.045454545454545456, 0.045454545454545456, 0.045454545454545456, 0.045454545454545456, 0.045454545454545456, 0.045454545454545456], [0.045454545454545456, 0.045454545454545456, 0.045454545454545456, 0.045454545454545456, 0.045454545454545456, 0.045454545454545456, 0.045454545454545456, 0.045454545454545456, 0.045454545454545456, 0.045454545454545456, 0.045454545454545456, 0.045454545454545456, 0.045454545454545456, 0.045454545454545456, 0.045454545454545456, 0.09090909090909091, 0.045454545454545456, 0.045454545454545456, 0.045454545454545456, 0.045454545454545456, 0.045454545454545456], [0.045454545454545456, 0.045454545454545456, 0.045454545454545456, 0.045454545454545456, 0.045454545454545456, 0.045454545454545456, 0.09090909090909091, 0.045454545454545456, 0.045454545454545456, 0.045454545454545456, 0.045454545454545456, 0.045454545454545456, 0.045454545454545456, 0.045454545454545456, 0.045454545454545456, 0.045454545454545456, 0.045454545454545456, 0.045454545454545456, 0.045454545454545456, 0.045454545454545456, 0.045454545454545456], [0.045454545454545456, 0.045454545454545456, 0.045454545454545456, 0.045454545454545456, 0.045454545454545456, 0.045454545454545456, 0.045454545454545456, 0.045454545454545456, 0.045454545454545456, 0.045454545454545456, 0.045454545454545456, 0.045454545454545456, 0.045454545454545456, 0.045454545454545456, 0.045454545454545456, 0.045454545454545456, 0.045454545454545456, 0.09090909090909091, 0.045454545454545456, 0.045454545454545456, 0.045454545454545456], [0.047619047619047616, 0.047619047619047616, 0.047619047619047616, 0.047619047619047616, 0.047619047619047616, 0.047619047619047616, 0.047619047619047616, 0.047619047619047616, 0.047619047619047616, 0.047619047619047616, 0.047619047619047616, 0.047619047619047616, 0.047619047619047616, 0.047619047619047616, 0.047619047619047616, 0.047619047619047616, 0.047619047619047616, 0.047619047619047616, 0.047619047619047616, 0.047619047619047616, 0.047619047619047616], [0.047619047619047616, 0.047619047619047616, 0.047619047619047616, 0.047619047619047616, 0.047619047619047616, 0.047619047619047616, 0.047619047619047616, 0.047619047619047616, 0.047619047619047616, 0.047619047619047616, 0.047619047619047616, 0.047619047619047616, 0.047619047619047616, 0.047619047619047616, 0.047619047619047616, 0.047619047619047616, 0.047619047619047616, 0.047619047619047616, 0.047619047619047616, 0.047619047619047616, 0.047619047619047616], [0.045454545454545456, 0.045454545454545456, 0.045454545454545456, 0.045454545454545456, 0.045454545454545456, 0.045454545454545456, 0.045454545454545456, 0.045454545454545456, 0.045454545454545456, 0.045454545454545456, 0.045454545454545456, 0.045454545454545456, 0.045454545454545456, 0.045454545454545456, 0.045454545454545456, 0.045454545454545456, 0.045454545454545456, 0.045454545454545456, 0.045454545454545456, 0.045454545454545456, 0.09090909090909091], [0.047619047619047616, 0.047619047619047616, 0.047619047619047616, 0.047619047619047616, 0.047619047619047616, 0.047619047619047616, 0.047619047619047616, 0.047619047619047616, 0.047619047619047616, 0.047619047619047616, 0.047619047619047616, 0.047619047619047616, 0.047619047619047616, 0.047619047619047616, 0.047619047619047616, 0.047619047619047616, 0.047619047619047616, 0.047619047619047616, 0.047619047619047616, 0.047619047619047616, 0.047619047619047616]]


