Character's Name:	Patron 2


States: 
[('um', 0), ('i’ll', 1), ('have', 2), ('a', 3), ('large', 4), ('peanut', 5), ('butter', 6), ('cup', 7), ('with', 8), ('extra', 9), ('whipped', 10), ('cream', 11), ('please', 12)]


Initial Distributions: 
[0.14285714285714285, 0.07142857142857142, 0.07142857142857142, 0.07142857142857142, 0.07142857142857142, 0.07142857142857142, 0.07142857142857142, 0.07142857142857142, 0.07142857142857142, 0.07142857142857142, 0.07142857142857142, 0.07142857142857142, 0.07142857142857142]


Transition Probabilities: 
[[0.07142857142857142, 0.14285714285714285, 0.07142857142857142, 0.07142857142857142, 0.07142857142857142, 0.07142857142857142, 0.07142857142857142, 0.07142857142857142, 0.07142857142857142, 0.07142857142857142, 0.07142857142857142, 0.07142857142857142, 0.07142857142857142], [0.07142857142857142, 0.07142857142857142, 0.14285714285714285, 0.07142857142857142, 0.07142857142857142, 0.07142857142857142, 0.07142857142857142, 0.07142857142857142, 0.07142857142857142, 0.07142857142857142, 0.07142857142857142, 0.07142857142857142, 0.07142857142857142], [0.07142857142857142, 0.07142857142857142, 0.07142857142857142, 0.14285714285714285, 0.07142857142857142, 0.07142857142857142, 0.07142857142857142, 0.07142857142857142, 0.07142857142857142, 0.07142857142857142, 0.07142857142857142, 0.07142857142857142, 0.07142857142857142], [0.07142857142857142, 0.07142857142857142, 0.07142857142857142, 0.07142857142857142, 0.14285714285714285, 0.07142857142857142, 0.07142857142857142, 0.07142857142857142, 0.07142857142857142, 0.07142857142857142, 0.07142857142857142, 0.07142857142857142, 0.07142857142857142], [0.07142857142857142, 0.07142857142857142, 0.07142857142857142, 0.07142857142857142, 0.07142857142857142, 0.14285714285714285, 0.07142857142857142, 0.07142857142857142, 0.07142857142857142, 0.07142857142857142, 0.07142857142857142, 0.07142857142857142, 0.07142857142857142], [0.07142857142857142, 0.07142857142857142, 0.07142857142857142, 0.07142857142857142, 0.07142857142857142, 0.07142857142857142, 0.14285714285714285, 0.07142857142857142, 0.07142857142857142, 0.07142857142857142, 0.07142857142857142, 0.07142857142857142, 0.07142857142857142], [0.07142857142857142, 0.07142857142857142, 0.07142857142857142, 0.07142857142857142, 0.07142857142857142, 0.07142857142857142, 0.07142857142857142, 0.14285714285714285, 0.07142857142857142, 0.07142857142857142, 0.07142857142857142, 0.07142857142857142, 0.07142857142857142], [0.07142857142857142, 0.07142857142857142, 0.07142857142857142, 0.07142857142857142, 0.07142857142857142, 0.07142857142857142, 0.07142857142857142, 0.07142857142857142, 0.14285714285714285, 0.07142857142857142, 0.07142857142857142, 0.07142857142857142, 0.07142857142857142], [0.07142857142857142, 0.07142857142857142, 0.07142857142857142, 0.07142857142857142, 0.07142857142857142, 0.07142857142857142, 0.07142857142857142, 0.07142857142857142, 0.07142857142857142, 0.14285714285714285, 0.07142857142857142, 0.07142857142857142, 0.07142857142857142], [0.07142857142857142, 0.07142857142857142, 0.07142857142857142, 0.07142857142857142, 0.07142857142857142, 0.07142857142857142, 0.07142857142857142, 0.07142857142857142, 0.07142857142857142, 0.07142857142857142, 0.14285714285714285, 0.07142857142857142, 0.07142857142857142], [0.07142857142857142, 0.07142857142857142, 0.07142857142857142, 0.07142857142857142, 0.07142857142857142, 0.07142857142857142, 0.07142857142857142, 0.07142857142857142, 0.07142857142857142, 0.07142857142857142, 0.07142857142857142, 0.14285714285714285, 0.07142857142857142], [0.07142857142857142, 0.07142857142857142, 0.07142857142857142, 0.07142857142857142, 0.07142857142857142, 0.07142857142857142, 0.07142857142857142, 0.07142857142857142, 0.07142857142857142, 0.07142857142857142, 0.07142857142857142, 0.07142857142857142, 0.14285714285714285], [0.07692307692307693, 0.07692307692307693, 0.07692307692307693, 0.07692307692307693, 0.07692307692307693, 0.07692307692307693, 0.07692307692307693, 0.07692307692307693, 0.07692307692307693, 0.07692307692307693, 0.07692307692307693, 0.07692307692307693, 0.07692307692307693]]


