Character's Name:	Patron 2


States: 
[('um', 0), (',', 1), ('i', 2), ('’', 3), ('ll', 4), ('have', 5), ('a', 6), ('large', 7), ('peanut', 8), ('butter', 9), ('cup', 10), ('with', 11), ('extra', 12), ('whipped', 13), ('cream', 14), ('please', 15), ('?', 16), ('\n', 17)]


Initial Distributions: 
[0.10526315789473684, 0.05263157894736842, 0.05263157894736842, 0.05263157894736842, 0.05263157894736842, 0.05263157894736842, 0.05263157894736842, 0.05263157894736842, 0.05263157894736842, 0.05263157894736842, 0.05263157894736842, 0.05263157894736842, 0.05263157894736842, 0.05263157894736842, 0.05263157894736842, 0.05263157894736842, 0.05263157894736842, 0.05263157894736842]


Transition Probabilities: 
[[0.05263157894736842, 0.10526315789473684, 0.05263157894736842, 0.05263157894736842, 0.05263157894736842, 0.05263157894736842, 0.05263157894736842, 0.05263157894736842, 0.05263157894736842, 0.05263157894736842, 0.05263157894736842, 0.05263157894736842, 0.05263157894736842, 0.05263157894736842, 0.05263157894736842, 0.05263157894736842, 0.05263157894736842, 0.05263157894736842], [0.05, 0.05, 0.1, 0.05, 0.05, 0.05, 0.05, 0.05, 0.05, 0.05, 0.05, 0.05, 0.05, 0.05, 0.05, 0.1, 0.05, 0.05], [0.05263157894736842, 0.05263157894736842, 0.05263157894736842, 0.10526315789473684, 0.05263157894736842, 0.05263157894736842, 0.05263157894736842, 0.05263157894736842, 0.05263157894736842, 0.05263157894736842, 0.05263157894736842, 0.05263157894736842, 0.05263157894736842, 0.05263157894736842, 0.05263157894736842, 0.05263157894736842, 0.05263157894736842, 0.05263157894736842], [0.05263157894736842, 0.05263157894736842, 0.05263157894736842, 0.05263157894736842, 0.10526315789473684, 0.05263157894736842, 0.05263157894736842, 0.05263157894736842, 0.05263157894736842, 0.05263157894736842, 0.05263157894736842, 0.05263157894736842, 0.05263157894736842, 0.05263157894736842, 0.05263157894736842, 0.05263157894736842, 0.05263157894736842, 0.05263157894736842], [0.05263157894736842, 0.05263157894736842, 0.05263157894736842, 0.05263157894736842, 0.05263157894736842, 0.10526315789473684, 0.05263157894736842, 0.05263157894736842, 0.05263157894736842, 0.05263157894736842, 0.05263157894736842, 0.05263157894736842, 0.05263157894736842, 0.05263157894736842, 0.05263157894736842, 0.05263157894736842, 0.05263157894736842, 0.05263157894736842], [0.05263157894736842, 0.05263157894736842, 0.05263157894736842, 0.05263157894736842, 0.05263157894736842, 0.05263157894736842, 0.10526315789473684, 0.05263157894736842, 0.05263157894736842, 0.05263157894736842, 0.05263157894736842, 0.05263157894736842, 0.05263157894736842, 0.05263157894736842, 0.05263157894736842, 0.05263157894736842, 0.05263157894736842, 0.05263157894736842], [0.05263157894736842, 0.05263157894736842, 0.05263157894736842, 0.05263157894736842, 0.05263157894736842, 0.05263157894736842, 0.05263157894736842, 0.10526315789473684, 0.05263157894736842, 0.05263157894736842, 0.05263157894736842, 0.05263157894736842, 0.05263157894736842, 0.05263157894736842, 0.05263157894736842, 0.05263157894736842, 0.05263157894736842, 0.05263157894736842], [0.05263157894736842, 0.05263157894736842, 0.05263157894736842, 0.05263157894736842, 0.05263157894736842, 0.05263157894736842, 0.05263157894736842, 0.05263157894736842, 0.10526315789473684, 0.05263157894736842, 0.05263157894736842, 0.05263157894736842, 0.05263157894736842, 0.05263157894736842, 0.05263157894736842, 0.05263157894736842, 0.05263157894736842, 0.05263157894736842], [0.05263157894736842, 0.05263157894736842, 0.05263157894736842, 0.05263157894736842, 0.05263157894736842, 0.05263157894736842, 0.05263157894736842, 0.05263157894736842, 0.05263157894736842, 0.10526315789473684, 0.05263157894736842, 0.05263157894736842, 0.05263157894736842, 0.05263157894736842, 0.05263157894736842, 0.05263157894736842, 0.05263157894736842, 0.05263157894736842], [0.05263157894736842, 0.05263157894736842, 0.05263157894736842, 0.05263157894736842, 0.05263157894736842, 0.05263157894736842, 0.05263157894736842, 0.05263157894736842, 0.05263157894736842, 0.05263157894736842, 0.10526315789473684, 0.05263157894736842, 0.05263157894736842, 0.05263157894736842, 0.05263157894736842, 0.05263157894736842, 0.05263157894736842, 0.05263157894736842], [0.05263157894736842, 0.05263157894736842, 0.05263157894736842, 0.05263157894736842, 0.05263157894736842, 0.05263157894736842, 0.05263157894736842, 0.05263157894736842, 0.05263157894736842, 0.05263157894736842, 0.05263157894736842, 0.10526315789473684, 0.05263157894736842, 0.05263157894736842, 0.05263157894736842, 0.05263157894736842, 0.05263157894736842, 0.05263157894736842], [0.05263157894736842, 0.05263157894736842, 0.05263157894736842, 0.05263157894736842, 0.05263157894736842, 0.05263157894736842, 0.05263157894736842, 0.05263157894736842, 0.05263157894736842, 0.05263157894736842, 0.05263157894736842, 0.05263157894736842, 0.10526315789473684, 0.05263157894736842, 0.05263157894736842, 0.05263157894736842, 0.05263157894736842, 0.05263157894736842], [0.05263157894736842, 0.05263157894736842, 0.05263157894736842, 0.05263157894736842, 0.05263157894736842, 0.05263157894736842, 0.05263157894736842, 0.05263157894736842, 0.05263157894736842, 0.05263157894736842, 0.05263157894736842, 0.05263157894736842, 0.05263157894736842, 0.10526315789473684, 0.05263157894736842, 0.05263157894736842, 0.05263157894736842, 0.05263157894736842], [0.05263157894736842, 0.05263157894736842, 0.05263157894736842, 0.05263157894736842, 0.05263157894736842, 0.05263157894736842, 0.05263157894736842, 0.05263157894736842, 0.05263157894736842, 0.05263157894736842, 0.05263157894736842, 0.05263157894736842, 0.05263157894736842, 0.05263157894736842, 0.10526315789473684, 0.05263157894736842, 0.05263157894736842, 0.05263157894736842], [0.05263157894736842, 0.10526315789473684, 0.05263157894736842, 0.05263157894736842, 0.05263157894736842, 0.05263157894736842, 0.05263157894736842, 0.05263157894736842, 0.05263157894736842, 0.05263157894736842, 0.05263157894736842, 0.05263157894736842, 0.05263157894736842, 0.05263157894736842, 0.05263157894736842, 0.05263157894736842, 0.05263157894736842, 0.05263157894736842], [0.05263157894736842, 0.05263157894736842, 0.05263157894736842, 0.05263157894736842, 0.05263157894736842, 0.05263157894736842, 0.05263157894736842, 0.05263157894736842, 0.05263157894736842, 0.05263157894736842, 0.05263157894736842, 0.05263157894736842, 0.05263157894736842, 0.05263157894736842, 0.05263157894736842, 0.05263157894736842, 0.10526315789473684, 0.05263157894736842], [0.05263157894736842, 0.05263157894736842, 0.05263157894736842, 0.05263157894736842, 0.05263157894736842, 0.05263157894736842, 0.05263157894736842, 0.05263157894736842, 0.05263157894736842, 0.05263157894736842, 0.05263157894736842, 0.05263157894736842, 0.05263157894736842, 0.05263157894736842, 0.05263157894736842, 0.05263157894736842, 0.05263157894736842, 0.10526315789473684], [0.05555555555555555, 0.05555555555555555, 0.05555555555555555, 0.05555555555555555, 0.05555555555555555, 0.05555555555555555, 0.05555555555555555, 0.05555555555555555, 0.05555555555555555, 0.05555555555555555, 0.05555555555555555, 0.05555555555555555, 0.05555555555555555, 0.05555555555555555, 0.05555555555555555, 0.05555555555555555, 0.05555555555555555, 0.05555555555555555]]


