Character's Name:	Patron 5


States: 
[('i', 0), ('’', 1), ('m', 2), ('gon', 3), ('na', 4), ('get', 5), ('a', 6), ('slice', 7), ('of', 8), ('cheesecake', 9), ('and', 10), ('bottle', 11), ('water', 12), ('.', 13), ('\n', 14)]


Initial Distributions: 
[0.125, 0.0625, 0.0625, 0.0625, 0.0625, 0.0625, 0.0625, 0.0625, 0.0625, 0.0625, 0.0625, 0.0625, 0.0625, 0.0625, 0.0625]


Transition Probabilities: 
[[0.0625, 0.125, 0.0625, 0.0625, 0.0625, 0.0625, 0.0625, 0.0625, 0.0625, 0.0625, 0.0625, 0.0625, 0.0625, 0.0625, 0.0625], [0.0625, 0.0625, 0.125, 0.0625, 0.0625, 0.0625, 0.0625, 0.0625, 0.0625, 0.0625, 0.0625, 0.0625, 0.0625, 0.0625, 0.0625], [0.0625, 0.0625, 0.0625, 0.125, 0.0625, 0.0625, 0.0625, 0.0625, 0.0625, 0.0625, 0.0625, 0.0625, 0.0625, 0.0625, 0.0625], [0.0625, 0.0625, 0.0625, 0.0625, 0.125, 0.0625, 0.0625, 0.0625, 0.0625, 0.0625, 0.0625, 0.0625, 0.0625, 0.0625, 0.0625], [0.0625, 0.0625, 0.0625, 0.0625, 0.0625, 0.125, 0.0625, 0.0625, 0.0625, 0.0625, 0.0625, 0.0625, 0.0625, 0.0625, 0.0625], [0.0625, 0.0625, 0.0625, 0.0625, 0.0625, 0.0625, 0.125, 0.0625, 0.0625, 0.0625, 0.0625, 0.0625, 0.0625, 0.0625, 0.0625], [0.058823529411764705, 0.058823529411764705, 0.058823529411764705, 0.058823529411764705, 0.058823529411764705, 0.058823529411764705, 0.058823529411764705, 0.11764705882352941, 0.058823529411764705, 0.058823529411764705, 0.058823529411764705, 0.11764705882352941, 0.058823529411764705, 0.058823529411764705, 0.058823529411764705], [0.0625, 0.0625, 0.0625, 0.0625, 0.0625, 0.0625, 0.0625, 0.0625, 0.125, 0.0625, 0.0625, 0.0625, 0.0625, 0.0625, 0.0625], [0.058823529411764705, 0.058823529411764705, 0.058823529411764705, 0.058823529411764705, 0.058823529411764705, 0.058823529411764705, 0.058823529411764705, 0.058823529411764705, 0.058823529411764705, 0.11764705882352941, 0.058823529411764705, 0.058823529411764705, 0.11764705882352941, 0.058823529411764705, 0.058823529411764705], [0.0625, 0.0625, 0.0625, 0.0625, 0.0625, 0.0625, 0.0625, 0.0625, 0.0625, 0.0625, 0.125, 0.0625, 0.0625, 0.0625, 0.0625], [0.0625, 0.0625, 0.0625, 0.0625, 0.0625, 0.0625, 0.125, 0.0625, 0.0625, 0.0625, 0.0625, 0.0625, 0.0625, 0.0625, 0.0625], [0.0625, 0.0625, 0.0625, 0.0625, 0.0625, 0.0625, 0.0625, 0.0625, 0.125, 0.0625, 0.0625, 0.0625, 0.0625, 0.0625, 0.0625], [0.0625, 0.0625, 0.0625, 0.0625, 0.0625, 0.0625, 0.0625, 0.0625, 0.0625, 0.0625, 0.0625, 0.0625, 0.0625, 0.125, 0.0625], [0.0625, 0.0625, 0.0625, 0.0625, 0.0625, 0.0625, 0.0625, 0.0625, 0.0625, 0.0625, 0.0625, 0.0625, 0.0625, 0.0625, 0.125], [0.06666666666666667, 0.06666666666666667, 0.06666666666666667, 0.06666666666666667, 0.06666666666666667, 0.06666666666666667, 0.06666666666666667, 0.06666666666666667, 0.06666666666666667, 0.06666666666666667, 0.06666666666666667, 0.06666666666666667, 0.06666666666666667, 0.06666666666666667, 0.06666666666666667]]


